community	fun_rep1	fun_rep2	fun_rep3
1	0.004246875	0.0021375	0.0017625
1,2,3	0.1632	0.1901	0.11505
1,2,3,4	0.0953	0.1663	0.133
1,2,3,4,5	0.1104	0.1775	0.15755
1,2,3,4,5,6,7	NA	0.1895	0.22115
1,2,3,4,5,6,7,8	NA	0.2252	0.21345
1,2,3,4,5,6,8	NA	0.1653	0.14045
1,2,3,4,5,7	0.1473	0.21055	0.2273
1,2,3,4,5,7,8	NA	0.221	0.22215
1,2,3,4,5,8	NA	0.1745	0.14265
1,2,3,4,6	0.15245	0.1961	0.14265
1,2,3,4,6,7	NA	0.2237	0.24185
1,2,3,4,6,7,8	NA	0.2523	0.26105
1,2,3,4,6,8	NA	0.175866666666667	0.14505
1,2,3,4,7,8	NA	0.262	0.28205
1,2,3,4,8	NA	0.2009	0.16325
1,2,3,5	0.1231	0.17895	0.13435
1,2,3,5,6,7	NA	0.22635	0.2187
1,2,3,5,6,7,8	NA	0.21415	0.20375
1,2,3,5,6,8	NA	0.1991	0.14585
1,2,3,5,7	NA	0.2381	0.22465
1,2,3,5,7,8	NA	0.2342	0.22575
1,2,3,6	0.1738	0.15805	0.1321
1,2,3,6,7	0.1448	0.2332	0.25525
1,2,3,6,8	0.195	0.1812	0.16435
1,2,3,7	0.180833333333333	0.256866666666667	0.280683333333333
1,2,3,7,8	0.1646	0.2527	0.2559
1,2,3,8	0.1659	0.22	0.1743
1,2,4	NA	0.22845	0.19675
1,2,4,5	0.1302	0.2316	0.18445
1,2,4,5,6	0.09075	0.193666666666667	0.139583333333333
1,2,4,5,6,7,8	NA	0.1769	0.21575
1,2,4,5,6,8	NA	0.2035	0.16645
1,2,4,5,7	0.1582	0.231	0.27395
1,2,4,6	0.1347	0.1985	0.1175
1,2,4,6,7	0.149633333333333	0.2581	0.23845
1,2,4,6,8	0.1252	0.186966666666667	0.159416666666667
1,2,4,7	0.1677	0.2655	0.2773
1,2,4,7,8	0.1741	0.26835	0.27635
1,2,4,8	0.1659	0.25805	0.2246
1,2,5	0.112	0.2273	0.15895
1,2,5,6	0.1151	0.2021	0.13735
1,2,5,6,7	0.1272	0.2031	0.215883333333333
1,2,5,6,7,8	NA	0.2291	0.23915
1,2,5,6,8	0.0833	0.148	0.12685
1,2,5,7	0.16765	0.2702	0.2532
1,2,5,7,8	0.1207	0.2555	0.21555
1,2,5,8	0.1314	0.2443	0.17095
1,2,6	0.1737	0.2123	0.17295
1,2,6,7	0.158433333333333	0.256366666666667	0.259116666666667
1,2,6,7,8	0.163233333333333	0.274366666666667	0.236216666666667
1,2,6,8	0.109366666666667	0.2102	0.17825
1,2,7	0.1823	0.27155	0.2961
1,2,7,8	0.1726	0.267	0.28785
1,3	0.0055	0.0048	0.00495
1,3,4	NA	0.09125	0.10635
1,3,4,5	NA	0.1535	0.13875
1,3,4,5,6	NA	0.1535	0.14195
1,3,4,5,6,7	0.13	0.2255	0.26405
1,3,4,5,6,7,8	NA	0.1684	0.21455
1,3,4,5,6,8	NA	0.15215	0.1401
1,3,4,5,7	0.11865	0.227666666666667	0.26325
1,3,4,5,7,8	0.1197	0.2326	0.22005
1,3,4,5,8	NA	0.1608	0.14835
1,3,4,6	NA	0.0859	0.09905
1,3,4,7	0.1506	0.25755	0.2691
1,3,4,8	0.0935	0.1743	0.15315
1,3,5,6,7	0.1348	0.2139	0.24375
1,3,5,6,7,8	NA	0.22295	0.237
1,3,5,6,8	NA	0.1141	0.10845
1,3,5,7	0.1288	0.2113	0.25255
1,3,5,7,8	0.1305	0.2019	0.2648
1,3,5,8	0.074	0.1183	0.11545
1,3,6	0.0032	0.0038	0.0537833333333333
1,3,6,7	0.2037	0.2657	0.26505
1,3,6,8	0.111	0.0856	0.10245
1,3,7	0.15415	0.211475	0.2692
1,4	NA	0.1161	0.13555
1,4,5	NA	0.194	0.16315
1,4,5,6	NA	0.15415	0.1406
1,4,5,6,7	0.1222	0.2303	0.257416666666667
1,4,5,6,7,8	NA	0.282	0.27315
1,4,5,6,8	NA	0.16075	0.1463
1,4,5,7	0.11805	0.2374	0.27195
1,4,5,7,8	0.1134	0.2536	0.25625
1,4,5,8	0.0892	0.1986	0.15755
1,4,6	0.0647	0.0945666666666667	0.101216666666667
1,4,6,7	0.1439	0.2265	0.27915
1,4,6,7,8	NA	0.2515	0.27545
1,4,6,8	0.08795	0.14345	0.13485
1,4,7	0.1571	0.2718	0.3029
1,4,7,8	0.2096	0.3246	0.31335
1,4,8	0.08985	0.203233333333333	0.194316666666667
1,5	0.0705	0.1526	0.13855
1,5,6	0.0729	0.155	0.13045
1,5,6,7	0.1307	0.2159	0.2251
1,5,6,7,8	0.2326	0.2439	0.23835
1,5,6,8	0.0733	0.1425	0.12275
1,5,7	0.11175	0.2076	0.20675
1,5,7,8	0.1307	0.2714	0.29605
1,5,8	0.0709	0.134	0.12985
1,6	0.0026	0.0041	0.00505
1,6,7	0.17555	0.2837	0.293175
1,6,7,8	0.2033	0.2955	0.29155
1,6,8	0.0832	0.1236	0.1323
1,7	0.182033333333333	0.302866666666667	0.31225
1,7,8	0.16475	0.29705	0.2951
1,8	0.0818	0.1412	0.16975
2	0.3199	0.311075	0.2912875
2,3	0.1844	0.2015	0.18645
2,3,4	NA	0.1926	0.17425
2,3,4,5	0.1243	0.176	0.12785
2,3,4,5,6	0.1298	0.1738	0.15625
2,3,4,5,6,7	NA	0.2173	0.17915
2,3,4,5,6,7,8	NA	0.20105	0.21725
2,3,4,5,6,8	NA	0.1652	0.14065
2,3,4,5,7	0.2038	0.2532	0.29215
2,3,4,5,7,8	NA	0.2173	0.22435
2,3,4,5,8	0.1262	0.1788	0.16345
2,3,4,6	0.0993	0.1159	0.10595
2,3,4,6,7	NA	0.2358	0.24495
2,3,4,6,7,8	NA	0.246	0.2479
2,3,4,6,8	NA	0.193	0.17465
2,3,4,7	0.1738	0.2534	0.26525
2,3,4,7,8	0.20105	0.25105	0.26475
2,3,4,8	0.1577	0.21355	0.2085
2,3,5,6	0.0896	0.1533	0.12745
2,3,5,6,7	0.1493	0.21095	0.2255
2,3,5,6,7,8	NA	0.2254	0.23835
2,3,5,7	0.14305	0.2184	0.22955
2,3,5,7,8	0.1544	0.2176	0.248516666666667
2,3,5,8	0.1603	0.1721	0.14515
2,3,6	0.1736	0.186666666666667	0.14955
2,3,6,7	0.1751	0.2633	0.2782
2,3,6,7,8	0.1624	0.2627	0.26415
2,3,6,8	0.17695	0.213866666666667	0.17725
2,3,7	0.17905	0.2287	0.254625
2,3,7,8	0.17995	0.262966666666667	0.273716666666667
2,3,8	NA	0.2166	0.18575
2,4	NA	0.2943	0.27415
2,4,5	NA	0.2624	0.23105
2,4,5,6	NA	0.1961	0.15975
2,4,5,6,7	NA	0.2177	0.25325
2,4,5,6,7,8	NA	0.21095	0.2437
2,4,5,7	0.2644	0.35005	0.3284
2,4,5,7,8	0.2251	0.3336	0.29905
2,4,5,8	0.17	0.2903	0.22725
2,4,6	NA	0.1996	0.1706
2,4,6,7	NA	0.2632	0.28525
2,4,6,7,8	0.1848	0.24795	0.26975
2,4,6,8	0.1466	0.23715	0.18995
2,4,7	NA	0.4141	0.4034
2,4,7,8	0.33065	0.377133333333333	0.389216666666667
2,4,8	0.28065	0.3241	0.30075
2,5	0.2123	0.2751	0.24135
2,5,6,7	NA	0.2563	0.25685
2,5,6,7,8	NA	0.261	0.2457
2,5,6,8	0.0973	0.1856	0.14275
2,5,7	0.2551	0.3101	0.33555
2,5,7,8	0.2771	0.3557	0.38995
2,5,8	0.2206	0.2919	0.24095
2,6,7	0.1711	0.2472	0.27825
2,6,7,8	0.3302	0.2806	0.30035
2,6,8	0.1734	0.2283	0.17715
2,7	0.2781	0.36525	0.40315
2,7,8	0.2909	0.3152	0.25375
2,8	0.2959	0.3024	0.31495
3	0.000721212121212118	0.00198888888888889	0.00373888888888889
3,4	0.0614	0.1364	0.13905
3,4,5,6	NA	0.1554	0.13755
3,4,5,6,7	0.1225	0.1755	0.21915
3,4,5,7	0.146766666666667	0.2167	0.22605
3,4,5,7,8	0.1553	0.1975	0.25155
3,4,5,8	0.1024	0.1712	0.14875
3,4,6	0.0692	0.0949	0.12055
3,4,6,7	0.1681	0.2641	0.31125
3,4,6,7,8	NA	0.2468	0.26415
3,4,7	0.164525	0.208425	0.2633
3,4,7,8	0.1767	0.2794	0.27375
3,4,8	0.0764	0.1703	0.16535
3,5	0.1093	0.142	0.12865
3,5,6	0.06975	0.13375	0.13085
3,5,6,7	0.1351	0.2361	0.23215
3,5,6,7,8	0.149733333333333	0.2222	0.236783333333333
3,5,6,8	0.0721	0.1273	0.12025
3,5,7	0.13238	0.20004	0.20507
3,5,7,8	0.1967	0.24862	0.25543
3,5,8	0.07335	0.12095	0.13205
3,6	0.00933333333333333	0.0039	0.0609833333333333
3,6,7	0.23785	0.266133333333333	0.2883
3,6,8	0.06735	0.1103	0.1519
3,7	0.232033333333333	0.269066666666667	0.302133333333333
3,7,8	0.2013	0.262325	0.2778
3,8	0.08375	0.1062	0.09925
4	0.182040625	0.29195	0.2718125
4,5	0.1996	0.274	0.25495
4,5,6	NA	0.16425	0.14625
4,5,6,7	0.1242	0.2679	0.2761
4,5,6,7,8	NA	0.2241	0.20935
4,5,6,8	NA	0.1736	0.14385
4,5,7	0.2365	0.3354	0.36095
4,5,7,8	0.23775	0.36555	0.36615
4,5,8	0.184	0.2855	0.2322
4,6	NA	0.0948	0.11365
4,6,7	0.1602	0.2598	0.2985
4,6,7,8	NA	0.2658	0.29435
4,6,8	0.0869	0.16455	0.1551
4,7	0.28765	0.38585	0.419
4,7,8	0.32465	0.40225	0.34785
4,8	0.2663	0.31865	0.32735
5	0.163848484848485	0.268411111111111	0.227661111111111
5,6	0.0715	0.1568	0.13085
5,6,7	0.1208	0.202	0.23945
5,6,7,8	0.1456	0.2683	0.29815
5,6,8	0.0788	0.1392	0.13645
5,7	0.310825	0.377	0.38785
5,7,8	0.281875	0.392525	0.33265
5,8	0.1656	0.267933333333333	0.217916666666667
6	0.010734375	0.00175	0.0021125
6,7	0.222166666666667	0.299966666666667	0.31455
6,7,8	0.1827	0.28425	0.30555
6,8	0.0797	0.1299	0.14575
7	0.441617647058824	0.49566	0.46461
7,8	0.35185	0.46665	0.403175
8	0.224445454545455	0.147844444444444	0.131905555555556
